1749146554234 0.54655095180797 0
1749146562485 0.06453527070041146 1
1749146570912 0.03969091834921029 2
1749146578848 0.01782027895246903 3
1749146586853 0.007231075327933555 4
1749146595203 0.004852671975611649 5
1749146603758 0.0028787829578504898 6
1749146611828 0.0012444547732405726 7
1749146619991 0.0008079429582369724 8
1749146628211 0.000670031206232858 9
1749146636133 0.0005034285736509182 10
1749146644146 0.00043673279082389444 11
1749146652224 0.00031981792882664105 12
1749146660350 0.0002809949020898315 13
1749146668850 0.00023366637173415756 14
1749146684984 0.0002070844303166415 15
